00000000 | 32 33                                            | 23
00000010 | 32 32                                            | 22
00000020 | 31 30                                            | 10
00000030 | 39                                               | 9
00000040 | 33                                               | 3
00000050 | 32                                               | 2
00000060 | 31                                               | 1
00000070 | 33 33                                            | 33
00000080 | 33 32                                            | 32
00000090 | 33 31                                            | 31
000000a0 | 33 30                                            | 30
000000b0 | 32 39                                            | 29
000000c0 | 32 38                                            | 28
000000d0 | 31 31                                            | 11
000000e0 | 32 34                                            | 24
000000f0 | 32 35                                            | 25
00000100 | 32 36                                            | 26
00000110 | 32 31                                            | 21
00000120 | 32 30                                            | 20
00000130 | 31 39                                            | 19
00000140 | 31 38                                            | 18
00000150 | 31 37                                            | 17
00000160 | 31 36                                            | 16
00000170 | 31 35                                            | 15
00000180 | 31 34                                            | 14
00000190 | 31 33                                            | 13
000001a0 | 31 32                                            | 12
000001b0 | 38                                               | 8
000001c0 | 37                                               | 7
000001d0 | 36                                               | 6
000001e0 | 35                                               | 5
000001f0 | 32 37                                            | 27