00000000 | 46 69 6c 65 20 4e 61 6d 65 2c 46 75 6c 6c 20 50
00000010 | 61 74 68 2c 43 72 65 61 74 69 6f 6e 20 54 69 6d
00000020 | 65 2c 4c 61 73 74 20 41 63 63 65 73 73 20 54 69
00000030 | 6d 65 2c 4c 61 73 74 20 4d 6f 64 69 66 69 63 61
00000040 | 74 69 6f 6e 20 54 69 6d 65 0d 0a 42 52 41 56 45
00000050 | 2e 45 58 45 2d 33 31 31 38 42 33 44 42 2e 70 66
00000060 | 2c 43 3a 5c 57 69 6e 64 6f 77 73 5c 50 72 65 66
00000070 | 65 74 63 68 5c 42 52 41 56 45 2e 45 58 45 2d 33
00000080 | 31 31 38 42 33 44 42 2e 70 66 2c 32 30 32 34 2d
00000090 | 31 31 2d 31 34 20 32 33 3a 34 33 3a 34 35 2c 32
000000a0 | 30 32 34 2d 31 31 2d 31 35 20 31 31 3a 30 34 3a
000000b0 | 35 33 2c 32 30 32 34 2d 31 31 2d 31 35 20 31 31
000000c0 | 3a 30 34 3a 35 33 0d 0a 42 52 41 56 45 2e 45 58
000000d0 | 45 2d 33 31 31 38 42 33 44 43 2e 70 66 2c 43 3a
000000e0 | 5c 57 69 6e 64 6f 77 73 5c 50 72 65 66 65 74 63
000000f0 | 68 5c 42 52 41 56 45 2e 45 58 45 2d 33 31 31 38
00000100 | 42 33 44 43 2e 70 66 2c 32 30 32 34 2d 31 31 2d
00000110 | 31 36 20 30 30 3a 33 36 3a 34 36 2c 32 30 32 34
00000120 | 2d 31 31 2d 31 36 20 30 30 3a 33 37 3a 31 35 2c
00000130 | 32 30 32 34 2d 31 31 2d 31 36 20 30 30 3a 33 37
00000140 | 3a 31 35 0d 0a 42 52 41 56 45 2e 45 58 45 2d 33
00000150 | 31 31 38 42 33 44 44 2e 70 66 2c 43 3a 5c 57 69
00000160 | 6e 64 6f 77 73 5c 50 72 65 66 65 74 63 68 5c 42
00000170 | 52 41 56 45 2e 45 58 45 2d 33 31 31 38 42 33 44
00000180 | 44 2e 70 66 2c 32 30 32 34 2d 31 31 2d 31 36 20
00000190 | 30 30 3a 33 36 3a 34 36 2c 32 30 32 34 2d 31 31
000001a0 | 2d 31 36 20 30 30 3a 33 36 3a 34 36 2c 32 30 32
000001b0 | 34 2d 31 31 2d 31 36 20 30 30 3a 33 36 3a 34 36
000001c0 | 0d 0a 42 52 41 56 45 2e 45 58 45 2d 33 31 31 38
000001d0 | 42 33 44 46 2e 70 66 2c 43 3a 5c 57 69 6e 64 6f
000001e0 | 77 73 5c 50 72 65 66 65 74 63 68 5c 42 52 41 56
000001f0 | 45 2e 45 58 45 2d 33 31 31 38 42 33 44 46 2e 70
00000200 | 66 2c 32 30 32 34 2d 31 31 2d 31 36 20 30 30 3a
00000210 | 33 36 3a 34 35 2c 32 30 32 34 2d 31 31 2d 31 36
00000220 | 20 30 30 3a 33 36 3a 34 35 2c 32 30 32 34 2d 31
00000230 | 31 2d 31 36 20 30 30 3a 33 36 3a 34 35 0d 0a 42
00000240 | 52 41 56 45 2e 45 58 45 2d 33 31 31 38 42 33 45
00000250 | 30 2e 70 66 2c 43 3a 5c 57 69 6e 64 6f 77 73 5c
00000260 | 50 72 65 66 65 74 63 68 5c 42 52 41 56 45 2e 45
00000270 | 58 45 2d 33 31 31 38 42 33 45 30 2e 70 66 2c 32
00000280 | 30 32 34 2d 31 31 2d 31 36 20 31 33 3a 30 37 3a
00000290 | 34 39 2c 32 30 32 34 2d 31 31 2d 31 36 20 31 33
000002a0 | 3a 30 37 3a 34 39 2c 32 30 32 34 2d 31 31 2d 31
000002b0 | 36 20 31 33 3a 30 37 3a 34 39 0d 0a 42 52 41 56
000002c0 | 45 2e 45 58 45 2d 33 31 31 38 42 33 45 34 2e 70
000002d0 | 66 2c 43 3a 5c 57 69 6e 64 6f 77 73 5c 50 72 65
000002e0 | 66 65 74 63 68 5c 42 52 41 56 45 2e 45 58 45 2d
000002f0 | 33 31 31 38 42 33 45 34 2e 70 66 2c 32 30 32 34
00000300 | 2d 31 31 2d 31 36 20 30 30 3a 33 36 3a 34 36 2c
00000310 | 32 30 32 34 2d 31 31 2d 31 36 20 31 35 3a 33 31
00000320 | 3a 35 36 2c 32 30 32 34 2d 31 31 2d 31 36 20 31
00000330 | 35 3a 33 31 3a 35 36 0d 0a 42 52 41 56 45 2e 45
00000340 | 58 45 2d 33 31 31 38 42 33 45 35 2e 70 66 2c 43
00000350 | 3a 5c 57 69 6e 64 6f 77 73 5c 50 72 65 66 65 74
00000360 | 63 68 5c 42 52 41 56 45 2e 45 58 45 2d 33 31 31
00000370 | 38 42 33 45 35 2e 70 66 2c 32 30 32 34 2d 31 31
00000380 | 2d 31 36 20 30 30 3a 33 38 3a 33 36 2c 32 30 32
00000390 | 34 2d 31 31 2d 31 36 20 31 33 3a 30 39 3a 34 39
000003a0 | 2c 32 30 32 34 2d 31 31 2d 31 36 20 31 33 3a 30
000003b0 | 39 3a 34 39 0d 0a 42 52 41 56 45 2e 45 58 45 2d
000003c0 | 33 31 31 38 42 33 45 36 2e 70 66 2c 43 3a 5c 57
000003d0 | 69 6e 64 6f 77 73 5c 50 72 65 66 65 74 63 68 5c
000003e0 | 42 52 41 56 45 2e 45 58 45 2d 33 31 31 38 42 33
000003f0 | 45 36 2e 70 66 2c 32 30 32 34 2d 31 31 2d 31 36
00000400 | 20 30 30 3a 33 36 3a 34 36 2c 32 30 32 34 2d 31
00000410 | 31 2d 31 36 20 30 30 3a 33 36 3a 34 36 2c 32 30
00000420 | 32 34 2d 31 31 2d 31 36 20 30 30 3a 33 36 3a 34
00000430 | 36 0d 0a 42 52 41 56 45 2e 45 58 45 2d 33 31 31
00000440 | 38 42 33 45 37 2e 70 66 2c 43 3a 5c 57 69 6e 64
00000450 | 6f 77 73 5c 50 72 65 66 65 74 63 68 5c 42 52 41
00000460 | 56 45 2e 45 58 45 2d 33 31 31 38 42 33 45 37 2e
00000470 | 70 66 2c 32 30 32 34 2d 31 31 2d 31 36 20 30 30
00000480 | 3a 33 37 3a 30 31 2c 32 30 32 34 2d 31 31 2d 31
00000490 | 36 20 30 30 3a 33 37 3a 30 31 2c 32 30 32 34 2d
000004a0 | 31 31 2d 31 36 20 30 30 3a 33 37 3a 30 31 0d 0a
000004b0 | 42 52 41 56 45 2e 45 58 45 2d 33 31 31 38 42 33
000004c0 | 45 38 2e 70 66 2c 43 3a 5c 57 69 6e 64 6f 77 73
000004d0 | 5c 50 72 65 66 65 74 63 68 5c 42 52 41 56 45 2e
000004e0 | 45 58 45 2d 33 31 31 38 42 33 45 38 2e 70 66 2c
000004f0 | 32 30 32 34 2d 31 31 2d 31 36 20 30 30 3a 33 36
00000500 | 3a 34 36 2c 32 30 32 34 2d 31 31 2d 31 36 20 30
00000510 | 30 3a 33 36 3a 34 36 2c 32 30 32 34 2d 31 31 2d
00000520 | 31 36 20 30 30 3a 33 36 3a 34 36 0d 0a 42 52 41
00000530 | 56 45 42 52 4f 57 53 45 52 53 45 54 55 50 2d 42
00000540 | 52 56 30 31 30 2e 45 58 45 2d 32 30 39 36 34 33
00000550 | 41 32 2e 70 66 2c 43 3a 5c 57 69 6e 64 6f 77 73
00000560 | 5c 50 72 65 66 65 74 63 68 5c 42 52 41 56 45 42
00000570 | 52 4f 57 53 45 52 53 45 54 55 50 2d 42 52 56 30
00000580 | 31 30 2e 45 58 45 2d 32 30 39 36 34 33 41 32 2e
00000590 | 70 66 2c 32 30 32 34 2d 31 31 2d 31 34 20 32 33
000005a0 | 3a 34 32 3a 32 30 2c 32 30 32 34 2d 31 31 2d 31
000005b0 | 35 20 31 31 3a 30 34 3a 35 30 2c 32 30 32 34 2d
000005c0 | 31 31 2d 31 35 20 31 31 3a 30 34 3a 35 30 0d 0a
000005d0 | 42 52 41 56 45 55 50 44 41 54 45 2e 45 58 45 2d
000005e0 | 30 32 33 41 41 38 37 45 2e 70 66 2c 43 3a 5c 57
000005f0 | 69 6e 64 6f 77 73 5c 50 72 65 66 65 74 63 68 5c
00000600 | 42 52 41 56 45 55 50 44 41 54 45 2e 45 58 45 2d
00000610 | 30 32 33 41 41 38 37 45 2e 70 66 2c 32 30 32 34
00000620 | 2d 31 31 2d 31 35 20 31 31 3a 30 34 3a 35 32 2c
00000630 | 32 30 32 34 2d 31 31 2d 31 35 20 31 31 3a 30 34
00000640 | 3a 35 32 2c 32 30 32 34 2d 31 31 2d 31 35 20 31
00000650 | 31 3a 30 34 3a 35 32 0d 0a 42 52 41 56 45 55 50
00000660 | 44 41 54 45 2e 45 58 45 2d 35 43 31 30 46 30 41
00000670 | 33 2e 70 66 2c 43 3a 5c 57 69 6e 64 6f 77 73 5c
00000680 | 50 72 65 66 65 74 63 68 5c 42 52 41 56 45 55 50
00000690 | 44 41 54 45 2e 45 58 45 2d 35 43 31 30 46 30 41
000006a0 | 33 2e 70 66 2c 32 30 32 34 2d 31 31 2d 31 35 20
000006b0 | 31 31 3a 30 34 3a 35 30 2c 32 30 32 34 2d 31 31
000006c0 | 2d 31 35 20 31 31 3a 30 34 3a 35 30 2c 32 30 32
000006d0 | 34 2d 31 31 2d 31 35 20 31 31 3a 30 34 3a 35 30
000006e0 | 0d 0a 42 52 41 56 45 55 50 44 41 54 45 2e 45 58
000006f0 | 45 2d 37 31 46 33 33 36 41 37 2e 70 66 2c 43 3a
00000700 | 5c 57 69 6e 64 6f 77 73 5c 50 72 65 66 65 74 63
00000710 | 68 5c 42 52 41 56 45 55 50 44 41 54 45 2e 45 58
00000720 | 45 2d 37 31 46 33 33 36 41 37 2e 70 66 2c 32 30
00000730 | 32 34 2d 31 31 2d 31 34 20 32 33 3a 34 32 3a 31
00000740 | 39 2c 32 30 32 34 2d 31 31 2d 31 37 20 30 30 3a
00000750 | 31 35 3a 34 36 2c 32 30 32 34 2d 31 31 2d 31 37
00000760 | 20 30 30 3a 31 35 3a 34 36 0d 0a 42 52 41 56 45
00000770 | 55 50 44 41 54 45 2e 45 58 45 2d 41 38 31 32 43
00000780 | 44 42 45 2e 70 66 2c 43 3a 5c 57 69 6e 64 6f 77
00000790 | 73 5c 50 72 65 66 65 74 63 68 5c 42 52 41 56 45
000007a0 | 55 50 44 41 54 45 2e 45 58 45 2d 41 38 31 32 43
000007b0 | 44 42 45 2e 70 66 2c 32 30 32 34 2d 31 31 2d 31
000007c0 | 34 20 32 33 3a 34 32 3a 32 30 2c 32 30 32 34 2d
000007d0 | 31 31 2d 31 34 20 32 33 3a 34 32 3a 32 30 2c 32
000007e0 | 30 32 34 2d 31 31 2d 31 34 20 32 33 3a 34 32 3a
000007f0 | 32 30 0d 0a 42 52 41 56 45 55 50 44 41 54 45 2e
00000800 | 45 58 45 2d 44 32 37 45 30 42 39 37 2e 70 66 2c
00000810 | 43 3a 5c 57 69 6e 64 6f 77 73 5c 50 72 65 66 65
00000820 | 74 63 68 5c 42 52 41 56 45 55 50 44 41 54 45 2e
00000830 | 45 58 45 2d 44 32 37 45 30 42 39 37 2e 70 66 2c
00000840 | 32 30 32 34 2d 31 31 2d 31 34 20 32 33 3a 34 32
00000850 | 3a 32 34 2c 32 30 32 34 2d 31 31 2d 31 34 20 32
00000860 | 33 3a 34 32 3a 32 34 2c 32 30 32 34 2d 31 31 2d
00000870 | 31 34 20 32 33 3a 34 32 3a 32 34 0d 0a
