00000000 | 54 72 75 65                                      | True
00000010 | 54 72 75 65                                      | True
00000020 | 54 72 75 65                                      | True
00000030 | 54 72 75 65                                      | True
00000040 | 54 72 75 65                                      | True
00000050 | 54 72 75 65                                      | True
00000060 | 54 72 75 65                                      | True
00000070 | 46 61 6c 73 65                                   | False
00000080 | 46 61 6c 73 65                                   | False
00000090 | 46 61 6c 73 65                                   | False
000000a0 | 46 61 6c 73 65                                   | False
000000b0 | 46 61 6c 73 65                                   | False
000000c0 | 46 61 6c 73 65                                   | False
000000d0 | 46 61 6c 73 65                                   | False
000000e0 | 46 61 6c 73 65                                   | False
000000f0 | 46 61 6c 73 65                                   | False
00000100 | 46 61 6c 73 65                                   | False
00000110 | 46 61 6c 73 65                                   | False
00000120 | 46 61 6c 73 65                                   | False
00000130 | 46 61 6c 73 65                                   | False
00000140 | 46 61 6c 73 65                                   | False
00000150 | 46 61 6c 73 65                                   | False
00000160 | 46 61 6c 73 65                                   | False
00000170 | 46 61 6c 73 65                                   | False
00000180 | 46 61 6c 73 65                                   | False
00000190 | 46 61 6c 73 65                                   | False
000001a0 | 46 61 6c 73 65                                   | False
000001b0 | 46 61 6c 73 65                                   | False
000001c0 | 46 61 6c 73 65                                   | False
000001d0 | 46 61 6c 73 65                                   | False